9.999999905136262024e-01,8.414227618868318492e-01,8.205150862498323816e-01,7.999385953752528033e-01,8.076967721833578917e-01,7.729855664583595853e-01,7.820916983642552944e-01
8.414227618868318492e-01,1.000000000000000000e+00,8.329142595434007035e-01,8.102123406294579055e-01,8.187664306430603167e-01,7.837869843936239311e-01,8.034561847441133997e-01
8.205150862498323816e-01,8.329142595434007035e-01,1.000000000000000000e+00,7.918195709577481312e-01,8.219493128329227183e-01,8.034153969911368431e-01,8.244403012930474617e-01
7.999385953752528033e-01,8.102123406294579055e-01,7.918195709577481312e-01,1.000000000000000000e+00,7.606742695909866070e-01,7.677315835540368116e-01,7.966743735294834483e-01
8.076967721833578917e-01,8.187664306430603167e-01,8.219493128329227183e-01,7.606742695909866070e-01,1.000000000000000000e+00,8.109666726237976242e-01,8.193985478096330599e-01
7.729855664583595853e-01,7.837869843936239311e-01,8.034153969911368431e-01,7.677315835540368116e-01,8.109666726237976242e-01,9.999999787878232071e-01,8.268277061077138335e-01
7.820916983642552944e-01,8.034561847441133997e-01,8.244403012930474617e-01,7.966743735294834483e-01,8.193985478096330599e-01,8.268277061077138335e-01,1.000000000000000000e+00
